2,8,30,32,37,10
3,11,13,26,45,13
7,16,22,34,45,11
9,16,19,20,48,3
11,16,27,38,42,18
1,3,13,35,43,6
6,8,9,31,48,4
3,23,24,31,48,9
2,4,8,16,22,15
9,22,26,35,41,17
14,19,37,46,47,16
18,22,34,39,47,14
1,27,30,39,41,6
6,8,14,39,40,13
9,24,32,42,43,16
5,19,26,40,48,13
38,41,42,45,46,12
10,13,24,30,40,7
4,6,26,41,44,6
5,30,35,40,41,7
5,14,15,33,43,17
2,12,15,28,43,10
2,18,34,41,47,5
7,16,34,35,42,13
7,8,25,36,46,14
5,14,17,24,34,7
13,19,25,33,48,15
1,21,23,28,30,7
6,25,37,39,47,7
3,6,12,37,44,03
11,25,29,30,42,05
05,08,26,32,40,11
08,15,23,38,42,15
13,19,26,27,43,09
9,11,19,36,45,13
4,8,12,37,38,11
4,6,22,25,48,8
3,16,18,42,47,7
5,18,19,25,48,4
4,15,31,39,46,14
13,33,40,42,47,8
8,26,28,30,35,1
5,9,19,44,46,15
9,14,23,30,34,4
2,3,7,21,42,1
19,25,32,36,40,12
4,15,32,34,38,15
2,3,6,7,33,10
3,17,31,35,42,12
8,12,17,19,31,12
15,22,23,30,44,5
1,13,28,30,41,7
12,27,31,39,46,5
12,16,28,32,45,1
4,20,21,47,48,2
2,4,17,30,45,12
3,9,44,46,48,9
6,9,20,21,27,4
6,8,16,19,45,18
19,20,21,22,25,12
15,16,18,20,45,17
3,21,24,28,35,14
6,8,18,19,48,11
17,30,33,36,44,9
2,3,15,16,34,13
5,7,11,12,40,5
8,16,26,30,38,2
3,6,21,41,42,10
12,14,25,29,43,3
1,16,17,31,46,11
3,26,27,29,48,11
1,34,42,45,48,4
5,24,28,38,46,8
14,27,38,40,45,13
1,15,20,31,44,18
1,8,24,29,36,1
16,17,18,35,47,11
2,23,29,32,37,9
15,23,27,38,48,3
11,13,34,35,42,16
2,5,28,30,37,12
15,17,22,43,45,10
6,12,14,17,41,15
14,29,30,40,44,18
2,6,34,38,46,2
6,7,26,44,47,6
6,16,28,34,45,18,
3,10,11,14,21,2,
9,26,27,35,41,17,
14,23,24,36,47,5,
2,17,19,29,34,10,
3,15,17,21,35,15,
12,32,38,42,46,6,
1,5,18,43,47,13,
3,35,38,43,47,15,
15,20,23,33,46,17,
13,15,20,35,41,2,
16,19,20,42,46,12,
17,22,26,31,48,18,
2,15,17,22,28,11,
10,19,43,45,47,11,
25,28,35,43,46,2,
14,17,32,33,44,14,
2,10,21,36,44,9,
1,3,12,35,45,5,
2,12,27,32,38,14,
10,20,30,45,48,3,
1,25,26,46,47,18,
16,22,24,26,27,8,
17,25,37,40,41,1,
9,11,18,22,27,9,
13,23,30,34,39,13,
1,10,28,30,40,16,
10,16,23,36,38,1,
15,22,28,29,41,6,
1,14,18,23,34,6,
1,13,17,34,41,11,
5,10,28,45,48,8,
10,12,16,23,32,2,
1,2,13,24,35,14,
10,16,34,40,47,5,
8,9,35,37,40,14,
6,12,15,41,46,8,
3,15,31,33,44,14,
3,6,7,19,42,2,
24,32,35,38,42,2,
6,9,28,37,39,3,
8,9,13,19,43,17,
4,8,12,36,46,13,
29,30,34,46,48,12,
7,10,14,16,26,2,
8,11,30,37,47,13,
17,19,34,36,37,8,
9,31,32,34,47,15,
6,11,12,34,42,9,
20,26,28,38,43,12,
17,28,33,40,42,15,
17,18,21,25,42,13,
16,21,31,33,36,12,
5,18,38,41,45,13,
4,7,8,25,29,2,
1,5,18,33,48,9,
2,3,18,23,31,10
15,19,22,23,34,10
3,6,12,38,46,12
6,21,29,34,47,18
6,10,22,23,33,16
3,15,38,40,44,3
4,11,19,28,37,12
12,17,21,31,46,1
1,5,9,33,47,16
3,5,6,17,21,18
12,15,28,35,37,7
1,16,18,20,41,5
21,25,31,42,48,11
3,10,17,33,36,6
6,13,17,25,33,15
10,13,20,22,25,8
2,13,21,45,46,16
3,6,18,22,40,5
1,12,25,39,45,3
16,19,28,31,34,4
10,27,34,36,48,13
17,22,29,30,47,15
7,9,16,28,30,5
13,24,26,36,47,5
20,30,33,40,47,13
9,11,20,22,48,14
1,8,30,31,43,17
3,7,24,26,48,12
7,19,30,33,44,18
7,25,36,38,43,3
1,6,12,31,38,7
23,27,30,37,47,3
8,18,19,29,41,4
26,29,35,39,48,5
5,22,28,34,45,7
16,20,21,39,40,15
2,3,14,18,47,4
3,9,20,27,37,15
9,27,32,37,43,1
3,7,10,28,35,17
11,14,24,29,43,6
28,39,43,44,47,18
1,16,31,36,44,5
10,28,30,37,38,1
3,7,24,25,28,4
1,7,10,25,43,11
4,7,15,17,30,5
9,12,35,37,44,15
10,13,33,40,47,15
6,11,19,35,46,7
1,20,32,41,44,14
2,3,17,38,40,8
5,9,18,35,38,9
26,28,38,42,46,1
17,22,24,30,44,5
1,7,20,21,38,15
7,26,37,39,47,6
19,22,35,41,48,7
8,12,41,42,47,1
8,16,31,39,47,7
9,10,22,24,34,10
24,33,36,42,47,14
6,11,40,42,45,10
9,16,28,35,44,1
7,21,27,41,44,13
1,8,15,39,48,7
8,9,21,22,32,18
1,12,13,36,48,6
10,11,12,18,27,18
17,33,35,38,48,3
2,10,32,37,40,5
3,7,18,31,32,4
1,5,15,39,46,16
2,16,23,43,47,3
14,24,30,44,47,18
2,20,31,34,48,3
10,17,22,42,46,13
11,19,31,33,46,10
2,3,10,15,22,12
9,16,34,46,47,13
15,16,21,23,46,6
2,5,35,38,45,9
4,5,7,39,42,10
15,17,26,29,35,9
19,22,29,41,43,13
1,25,28,39,47,10
1,2,26,36,38,1
7,9,13,24,44,5
6,10,11,29,35,7
2,10,28,30,44,13
6,8,12,21,42,6
12,27,35,42,44,6
3,4,25,35,48,18
11,17,25,31,38,17
5,8,13,41,44,10
4,7,16,22,40,8
3,17,21,24,44,10
3,12,17,42,45,6
24,39,41,42,45,6
7,15,29,41,43,5
3,5,24,26,31,5
6,18,32,42,47,9
4,5,13,22,44,8
7,18,24,33,43,6
7,15,23,32,40,2
2,5,11,13,40,15
14,24,34,45,47,1
4,12,15,25,44,1
1,4,7,14,36,11
2,5,37,39,40,14
8,13,35,42,47,1
7,9,11,23,32,12
7,10,14,15,41,8
9,19,35,42,43,6
17,18,22,37,43,16
9,25,34,41,48,18
4,7,15,25,36,7
5,12,30,37,41,17
8,16,24,27,38,1
1,5,21,27,38,3
22,23,26,34,39,17
10,12,23,32,45,11
11,19,20,25,34,18
8,12,36,39,47,14
1,22,30,32,34,18
2,10,19,35,46,15
2,4,6,17,20,5
4,5,10,20,34,6
13,15,29,36,44,8
4,15,28,32,45,18
2,16,30,39,41,9
4,23,31,44,46,5
2,4,14,29,40,8
2,23,32,44,48,2
11,16,22,31,42,18
15,19,20,38,48,15
4,8,22,38,43,12
1,7,13,30,40,3
4,8,20,25,34,16
4,10,27,42,48,1